0.7820445024345287
0.8101959849323581
0.600270727924034
0.42585132473370707
0.6840221189883293
0.8648725496377379
0.7447184194214779
0.7593428149689477
0.6788867137148067
0.6389839924208321
0.7569368730348638
0.7569074064519778
0.8127400048687451
0.7559097386390908
0.653566438060496
0.45874188283772177
0.4804038129980279
0.8445283853653857
0.5242103827392505
0.3742375434235063
0.4504506406037993
0.5334951735484661
0.7876675946392414
0.8813697740869177
0.6644246456315563
0.6318128579455189
0.370821321521193
0.689638901011351
0.5256724460405708
0.7288381134053145
0.5278897868852381
0.7851816554248804
0.8064374135481535
0.6675973379048398
0.9451358320264732
0.846002758216875
0.8830693992271755
0.8592043112092005
0.6009114564702261
0.5357945532530562
0.8941762526913586
0.4841085395698644
0.7339123710081583
0.19243791004564204
0.4433988106008279
0.658848201977299
0.5752392179027926
0.527688369155109
0.6433922954303108
0.49885009912562883
0.8207510063526471
0.7218525600777722
0.6791331475911522
0.5290190857101746
0.7379216160024744
0.6058836515543666
0.5411448606899398
0.7486241969902675
0.8460048388145328
0.4512529816302712
0.5214381010403142
0.5955190033865769
0.6367535683668858
0.9131589431146976
0.5466833334976109
0.7470446258259995
0.761128609932856
0.880271595040558
0.4866906137007791
0.3568221971217814
0.7202663160982488
0.6119748129851109
0.7795166898474627
0.6454162103260334
0.6051562997833203
0.5785910920938006
0.8627075135120559
0.5508362221292842
0.6083101356849964
0.7067729894076897
0.7261407413853923
0.4764616569417869
0.8605505252877437
0.5589798479839301
0.0599257677919498
0.5708452173549282
0.37256145941897806
0.737827169698592
0.7784746375307962
0.6621652986420884
0.5452017370973016
0.5145711405626449
0.6272269342247142
0.6411898813755106
0.5662901799868676
0.6581711143498367
0.5724248610246938
0.6427628127644616
0.7139351097355938
0.7094838080907181
0.488908001605064
0.7104588057414424
0.7366928823057246
0.7789101572961294
0.5642319338724774
0.5525078425028933
0.8211887405694789
0.7846992882872837
0.8674082293817067
0.4253926543664798
0.9117961814701169
0.4636272080782697
0.5050757753296732
